Pixelové souřadnice obcí s kostelem. 
 Souřadnice přestravují obdelník, který je viditelný v mapě.
 1398   736  1466   890
  958   800  1026   954
 4380   807  4448   961
 5679   997  5747  1151
 2195  1112  2263  1266
 4660  1166  4728  1320
 2353  1286  2421  1440
 6319  1380  6387  1534
 7139  1638  7207  1792
 6078  1740  6146  1894
 3739  1964  3807  2118
 1635  1988  1703  2142
 6809  2017  6877  2171
 1482  2111  1550  2265
 6622  2158  6690  2312
 3153  2252  3221  2406
 6843  2252  6911  2406
 6350  2254  6418  2408
 7000  2261  7068  2415
 2774  2266  2842  2420
 2215  2271  2283  2425
 4653  2343  4721  2497
 5872  2384  5940  2538
 3566  2440  3634  2594
 1851  2461  1919  2615
 1419  2468  1487  2622
 4268  2534  4336  2688
 2094  2593  2162  2747
 1064  2727  1132  2881
 6839  2835  6907  2989
 1628  2851  1696  3005
 1115  2862  1183  3016
 1984  2893  2052  3047
 3648  2950  3716  3104
 5667  3052  5735  3206
 1690  3089  1758  3243
  643  3123   711  3277
 7096  3167  7164  3321
 6494  3222  6562  3376
 7147  3300  7215  3454
 6399  3321  6467  3475
 3543  3410  3611  3564
 5056  3418  5124  3572
 5232  3440  5300  3594
 2323  3454  2391  3608
 3597  3506  3665  3660
 6419  3610  6487  3764
 4658  3708  4726  3862
 2297  3750  2365  3904
 4444  3781  4512  3935
 5707  3788  5775  3942
 6585  3792  6653  3946
 2099  3798  2167  3952
 1433  3836  1501  3990
 2587  3865  2655  4019
 1061  3940  1129  4094
 4161  3949  4229  4103
 2093  3963  2161  4117
 1952  4033  2020  4187
 4571  4058  4639  4212
 4454  4077  4522  4231
 6143  4086  6211  4240
 6412  4140  6480  4294
 6733  4148  6801  4302
 5508  4190  5576  4344
 6537  4190  6605  4344
 4438  4225  4506  4379
 2007  4243  2075  4397
 5198  4308  5266  4462
 1073  4345  1141  4499
 2618  4360  2686  4514
 3850  4394  3918  4548
 4744  4428  4812  4582
 4535  4445  4603  4599
 3147  4459  3215  4613
 3446  4466  3514  4620
 5198  4519  5266  4673
 1062  4548  1130  4702
 6057  4558  6125  4712
 2611  4572  2679  4726
 1273  4574  1341  4728
 4716  4610  4784  4764
 6515  4638  6583  4792
 4017  4646  4085  4800
 6255  4673  6323  4827
 3860  4745  3928  4899
 3218  4746  3286  4900
  788  4834   856  4988
 2111  4862  2179  5016
 6864  4896  6932  5050
 3608  4953  3676  5107
 4908  4997  4976  5151
 4399  5030  4467  5184
 1386  5086  1454  5240
 1693  5099  1761  5253
 7072  5108  7140  5262
 2880  5120  2948  5274
 3219  5132  3287  5286
 5552  5177  5620  5331
 1864  5199  1932  5353
 4786  5199  4854  5353
 2597  5214  2665  5368
 1098  5256  1166  5410
  914  5260   982  5414
 1776  5351  1844  5505
 1280  5536  1348  5690
 2009  5547  2077  5701
 3405  5563  3473  5717
 3055  5604  3123  5758
 1880  5652  1948  5806
 3452  5685  3520  5839
 3177  5720  3245  5874
 6349  5744  6417  5898
 1645  5936  1713  6090
 5952  5937  6020  6091
 2208  5942  2276  6096
 3202  5951  3270  6105
 3798  5986  3866  6140
 1243  6016  1311  6170
 2776  6026  2844  6180
 1705  6070  1773  6224
 3190  6072  3258  6226
 4290  6074  4358  6228
